id	x	y	cluster	weight<Links>	weight<Total link strength>
A01B	0.1331	0.3283	3	571	249487
A01C	0.5647	0.1851	3	555	336554
A01D	0.1972	0.2668	3	557	221413
A01F	0.511	0.1722	3	499	119441
A01G	0.3828	0.0977	3	624	806651
A01H	1.395	-0.2118	3	425	382750
A01J	0.8072	-0.067	3	440	40235
A01K	0.276	-0.2126	8	626	729507
A01L	0.4046	-0.3682	8	224	3084
A01M	0.0871	0.0777	3	596	308910
A01N	1.0107	-0.1283	3	602	1841877
A01P	1.188	-0.1257	3	457	631914
A21B	0.9408	0.178	7	429	57390
A21C	1.1273	-0.0513	3	435	82352
A21D	1.4734	-0.1436	3	404	180882
A22B	0.6453	-0.2086	3	339	21675
A22C	0.837	-0.2087	3	485	112311
A23B	1.1459	-0.0721	3	519	225125
A23C	1.4185	-0.1514	3	446	281890
A23D	1.5821	-0.1792	3	286	162609
A23F	1.3019	-0.0987	3	402	125950
A23G	1.2886	-0.1284	3	512	296299
A23J	1.5237	-0.2143	3	343	173661
A23K	1.3561	-0.169	3	453	472149
A23L	1.2221	-0.1205	3	599	1838570
A23N	0.9623	0.0257	3	456	149980
A23P	1.3208	-0.1311	3	454	219990
A24B	0.9598	-0.3199	2	442	93301
A24C	0.6592	-0.424	2	387	54652
A24D	0.7833	-0.4145	2	396	86417
A24F	0.4514	-0.2643	2	496	123432
A41B	0.1372	-0.8524	2	424	109547
A41C	0.0949	-0.9514	2	285	31323
A41D	0.0103	-0.6379	2	572	361758
A41F	-0.1102	-0.8503	2	369	41318
A41G	0.1629	-0.656	2	385	22792
A41H	0.0371	-0.7884	2	398	64578
A42B	-0.3107	-0.6224	2	461	85941
A42C	-0.2369	-0.8554	2	248	12574
A43B	-0.0608	-0.6952	2	522	184224
A43C	-0.1399	-0.8768	2	338	40956
A43D	0.0603	-0.7046	2	426	50336
A44B	-0.1578	-0.5703	2	541	147899
A44C	-0.3997	-0.4343	1	509	91422
A45B	-0.4718	-0.2645	6	442	35414
A45C	-0.3939	-0.4076	6	547	206025
A45D	0.1505	-0.4225	2	557	266388
A45F	-0.4071	-0.3593	6	465	107457
A46B	0.2074	-0.4441	2	527	145992
A46D	0.3501	-0.6205	2	367	35216
A47B	-0.3419	-0.1586	6	609	534219
A47C	-0.3323	-0.2364	6	578	371260
A47D	-0.5589	-0.2694	6	379	46809
A47F	-0.337	-0.1816	6	551	227892
A47G	-0.0638	-0.3162	6	610	489965
A47H	-0.2769	-0.2827	6	431	41507
A47J	0.4814	0.1358	7	595	482621
A47K	0.0803	-0.0564	6	570	350745
A47L	0.0978	-0.079	6	602	365506
A61B	-0.2117	-0.2434	1	631	2640665
A61C	0.1716	-0.2825	2	555	294498
A61D	0.4257	-0.3657	8	429	74222
A61F	0.0942	-0.4069	2	629	1489164
A61G	-0.2968	-0.1578	6	558	356757
A61H	-0.1723	-0.3119	6	565	444841
A61J	0.3381	-0.2448	2	536	412313
A61K	0.9641	-0.2041	3	630	12935138
A61L	0.3987	-0.178	2	627	1733401
A61M	0.1041	-0.1964	2	613	1425675
A61N	-0.0884	-0.3203	1	572	588847
A61P	1.0969	-0.2047	3	568	8946797
A61Q	1.0454	-0.2794	3	501	1621019
A62B	-0.2108	-0.1059	6	569	210383
A62C	-0.2118	0.2796	6	588	231356
A62D	0.816	0.1702	3	492	135412
A63B	-0.5206	-0.2344	6	605	360584
A63C	-0.4048	-0.1527	6	504	69404
A63D	-0.8399	-0.4318	6	329	11563
A63F	-0.9013	-0.3018	1	538	338977
A63G	-0.8474	-0.0023	6	408	39803
A63H	-0.7008	-0.2128	6	586	158636
A63J	-0.8053	-0.1334	6	381	24544
A63K	-0.6664	-0.2286	6	229	4667
A99Z	-0.3119	-0.1702	1	69	134
B01B	0.8056	0.4549	3	355	13851
B01D	0.5573	0.2351	3	643	3559564
B01F	0.6326	0.1105	3	605	902639
B01J	0.7025	0.1603	3	631	3645830
B01L	0.4331	-0.0046	3	547	436542
B02B	1.0081	0.0637	3	386	28814
B02C	0.6742	0.0868	3	589	487935
B03B	0.9144	0.1922	3	486	123255
B03C	0.618	0.2347	3	574	206594
B03D	1.0452	0.2089	3	386	54178
B04B	0.6153	0.1875	3	519	87917
B04C	0.7915	0.3801	3	477	70949
B05B	0.1727	0.0638	2	629	795654
B05C	0.1832	-0.3181	2	603	556318
B05D	0.2567	-0.2354	2	631	1109426
B06B	-0.4523	0.0013	1	570	152446
B07B	0.741	0.086	3	570	315419
B07C	-0.0153	-0.1834	1	562	193956
B08B	0.2317	0.0378	3	635	1367136
B09B	0.7364	0.2023	3	578	389988
B09C	0.9718	0.2183	3	386	113692
B21B	0.2187	0.2074	5	547	298934
B21C	0.1291	0.1167	5	565	329100
B21D	0.0574	0.0861	5	621	682114
B21F	-0.0064	-0.0897	5	520	126875
B21G	0.0515	-0.1474	5	243	10709
B21H	0.078	0.2855	5	399	51805
B21J	0.0736	0.2418	5	510	176324
B21K	0.0337	0.2774	5	483	143178
B21L	-0.1483	0.0293	5	221	8041
B22C	0.4067	0.306	5	539	162977
B22D	0.315	0.3397	5	584	487460
B22F	0.2715	0.148	5	582	686747
B23B	0.0274	0.0312	5	575	459249
B23C	0.0894	-0.0088	5	474	144053
B23D	0.1403	-0.116	5	559	326605
B23F	0.0339	0.1591	5	346	33677
B23G	0.0323	0.1153	5	342	35019
B23H	0.1261	0.1396	5	442	59506
B23K	-0.0134	0.0738	5	628	1021439
B23P	-0.0191	0.1487	5	616	675277
B23Q	0.012	-0.0095	5	607	869373
B24B	0.1544	-0.0845	5	603	513714
B24C	0.2642	0.0882	5	519	75752
B24D	0.3214	-0.141	5	511	148951
B25B	-0.1513	0.0541	5	596	367807
B25C	-0.1385	-0.0256	5	428	45417
B25D	-0.1135	0.2852	5	449	81220
B25F	-0.1129	0.0792	5	472	118060
B25G	-0.0857	-0.0336	5	446	62776
B25H	-0.2237	-0.0618	5	526	136799
B25J	-0.3075	0.0736	1	603	524174
B26B	0.0914	-0.2169	5	536	98262
B26D	0.2385	-0.411	2	592	476696
B26F	0.1513	-0.4704	2	548	247257
B27B	0.2585	-0.2469	5	466	112976
B27C	0.351	-0.4271	5	364	67786
B27D	0.4695	-0.5075	5	407	80733
B27F	0.1254	-0.3874	5	345	40627
B27G	0.3684	-0.4019	5	427	91266
B27H	0.5901	-0.5586	5	198	6908
B27J	0.6107	-0.5916	5	310	18015
B27K	0.675	-0.4017	5	487	96527
B27L	0.5899	-0.4052	5	392	40799
B27M	0.3813	-0.4562	5	464	94572
B27N	0.5821	-0.446	2	478	113046
B28B	0.2504	0.0624	6	588	368086
B28C	0.392	0.2277	3	480	106918
B28D	0.1078	-0.044	5	485	155316
B29B	0.4509	-0.2214	2	602	730005
B29C	0.1412	-0.2622	2	640	3813167
B29D	0.1075	-0.3682	2	619	918184
B29K	0.2181	-0.3416	2	595	891376
B29L	0.1292	-0.3377	2	602	1022641
B30B	0.4386	-0.0042	5	601	342159
B31B	0.1987	-0.5155	2	504	187864
B31C	0.3073	-0.5708	2	313	15047
B31D	0.1257	-0.6106	2	440	54466
B31F	0.2891	-0.6204	2	450	89401
B32B	0.133	-0.3018	2	637	3425227
B33Y	0.2484	-0.1113	2	562	358984
B41B	-0.6973	-0.6403	1	360	24689
B41C	-0.0988	-0.8169	2	380	102110
B41D	-0.0406	-0.8965	2	186	4811
B41F	-0.1376	-0.6987	2	577	303898
B41G	-0.108	-0.9926	2	164	4287
B41J	-0.3393	-0.5091	2	594	1248202
B41K	-0.3332	-0.7565	2	414	40581
B41L	-0.4197	-0.8295	2	377	57005
B41M	0.0187	-0.6106	2	558	667992
B41N	-0.0071	-0.7796	2	400	107510
B42B	-0.3119	-0.8841	2	263	26333
B42C	-0.4202	-0.8188	2	302	66526
B42D	-0.5105	-0.6071	2	518	357954
B42F	-0.4443	-0.6686	2	452	68429
B43K	-0.1718	-0.5804	2	489	76282
B43L	-0.4373	-0.5328	2	487	106035
B43M	-0.1953	-0.667	2	357	34695
B44B	-0.0413	-0.4701	5	432	45209
B44C	0.0428	-0.4803	2	571	316863
B44D	0.1778	-0.4356	2	524	74036
B44F	-0.0459	-0.5907	2	478	114644
B60B	-0.418	0.2962	4	561	233398
B60C	0.0614	-0.1841	2	559	364552
B60D	-0.6679	0.5433	4	382	53001
B60F	-0.7525	0.6912	4	311	31073
B60G	-0.6005	0.5044	4	488	225141
B60H	-0.1871	0.5948	4	519	305487
B60J	-0.5167	0.1364	6	539	395321
B60K	-0.4772	0.4575	4	586	1406723
B60L	-0.6274	0.4077	4	528	855670
B60M	-0.7421	0.4149	4	375	51791
B60N	-0.4368	-0.0211	6	534	343567
B60P	-0.4097	0.3354	4	583	310418
B60Q	-0.7159	0.143	1	513	435993
B60R	-0.5023	0.1549	4	624	1688486
B60S	-0.3734	0.2812	4	533	237942
B60T	-0.6714	0.5661	4	543	457245
B60V	-0.4212	0.5206	4	289	15848
B60W	-0.6708	0.436	4	440	786809
B61B	-0.6673	0.4913	4	486	121718
B61C	-0.8208	0.6555	4	411	61449
B61D	-0.6811	0.531	4	527	161049
B61F	-0.8094	0.6771	4	407	59970
B61G	-0.8357	0.6878	4	319	22936
B61H	-0.8399	0.7404	4	326	39789
B61J	-0.8219	0.6487	4	251	10151
B61K	-0.8243	0.4904	4	378	44927
B61L	-0.9624	0.2995	4	429	108450
B62B	-0.4996	0.145	4	535	159581
B62C	-0.7582	0.424	4	198	2173
B62D	-0.4796	0.3578	4	598	1024056
B62H	-0.9872	0.4205	4	308	50601
B62J	-0.8165	0.4455	4	473	209091
B62K	-0.8293	0.5196	4	490	213775
B62L	-0.9641	0.712	4	268	43042
B62M	-0.8121	0.5609	4	451	164036
B63B	-0.3186	0.4597	4	600	469152
B63C	-0.5163	0.3942	4	504	116373
B63G	-0.6571	0.5614	4	420	52331
B63H	-0.3738	0.6883	4	528	196123
B63J	-0.1537	0.7838	4	375	57065
B64B	-0.7182	0.3688	4	344	15557
B64C	-0.582	0.3948	4	569	414498
B64D	-0.5516	0.3761	4	562	441088
B64F	-0.6388	0.3268	4	479	135093
B64G	-0.5101	0.4237	1	500	82382
B64U	-0.8001	0.3908	4	357	45635
B65B	0.2563	-0.2242	2	628	709656
B65C	-0.0852	-0.5731	2	493	88963
B65D	0.1284	-0.148	2	639	2124457
B65F	0.0971	0.0398	6	514	116040
B65G	0.0238	0.0413	4	637	1362066
B65H	-0.0022	-0.5451	2	624	1135192
B66B	-0.5236	0.2331	4	528	150326
B66C	-0.3676	0.354	4	579	296126
B66D	-0.4782	0.4129	4	509	109611
B66F	-0.4368	0.3298	4	579	275872
B67B	0.3083	-0.1725	2	479	62171
B67C	0.3972	-0.1016	2	452	78517
B67D	0.2023	0.1415	2	583	254114
B68B	-0.0847	-0.5254	8	182	2755
B68C	-0.0652	-0.573	8	171	2477
B68F	0.0852	-0.7786	2	171	2573
B68G	-0.0414	-0.5598	6	350	55705
B81B	-0.3838	-0.0469	1	447	204804
B81C	-0.3238	-0.1283	1	401	148613
B82B	0.4687	-0.1072	3	440	121084
B82Y	0.4373	-0.065	3	535	406689
B99Z	-0.7226	0.0827	1	13	26
C01B	0.668	0.2295	3	617	1516529
C01C	1.0216	0.3372	3	400	82823
C01D	0.9728	0.2542	3	422	97808
C01F	0.8159	0.1531	3	520	282727
C01G	0.5722	0.1346	3	539	608265
C02F	0.6447	0.2287	3	610	1477077
C03B	0.2468	-0.0448	5	583	369768
C03C	0.1928	-0.1294	5	598	768427
C04B	0.333	0.1113	3	629	1441058
C05B	1.4404	0.2263	3	305	37824
C05C	1.4212	0.2082	3	309	53192
C05D	1.4094	0.1834	3	321	59044
C05F	1.2272	0.1352	3	471	200760
C05G	1.2706	0.1478	3	409	218700
C06B	0.1029	0.5009	8	453	62783
C06C	-0.2534	0.6584	8	324	22069
C06D	0.0462	0.595	8	321	32081
C06F	0.193	-0.1086	2	223	2239
C07B	1.0791	-0.0237	3	481	1048536
C07C	0.8793	-0.0292	3	624	3887137
C07D	0.9163	-0.1876	3	613	5578521
C07F	0.9062	-0.1652	3	540	1338011
C07G	1.4273	-0.2562	3	351	153963
C07H	1.2812	-0.2303	3	488	1440119
C07J	1.382	-0.2598	3	403	223461
C07K	1.149	-0.2219	3	531	4245306
C08B	1.1562	-0.2759	3	497	418815
C08C	0.7462	-0.3794	2	397	106386
C08F	0.533	-0.2627	2	609	2285553
C08G	0.5129	-0.2697	2	616	2728019
C08H	1.15	-0.3307	3	361	82934
C08J	0.4315	-0.2643	2	625	3015318
C08K	0.428	-0.2357	2	631	3301290
C08L	0.4623	-0.2507	2	636	4915342
C09B	0.673	-0.4767	2	550	533289
C09C	0.6962	-0.1688	2	482	333831
C09D	0.3977	-0.2888	2	628	2266499
C09F	1.0352	-0.301	3	298	20515
C09G	0.5544	-0.208	5	324	80148
C09H	1.1614	-0.4215	3	194	10240
C09J	0.3439	-0.364	2	609	1093050
C09K	0.4819	-0.063	3	624	2342717
C10B	0.9259	0.511	3	502	144695
C10C	0.9738	0.1666	3	348	39579
C10F	0.9967	0.3809	3	186	5419
C10G	0.9308	0.317	3	539	484088
C10H	0.784	0.3213	3	177	1832
C10J	0.9412	0.6463	3	406	116362
C10K	1.0238	0.5381	3	325	77766
C10L	0.8884	0.2976	3	527	339775
C10M	0.8093	0.0822	3	543	431853
C10N	0.8625	0.0902	3	457	271997
C11B	1.3098	-0.1607	3	462	299904
C11C	1.4085	-0.1076	3	384	105208
C11D	0.8909	-0.2494	3	564	696896
C12C	1.5094	-0.116	3	354	54238
C12F	1.5254	-0.025	3	184	10078
C12G	1.479	-0.1334	3	370	116866
C12H	1.4656	-0.0938	3	343	59755
C12J	1.6523	-0.1903	3	152	13048
C12L	1.1235	-0.0601	3	136	2598
C12M	0.8757	-0.0797	3	541	604452
C12N	1.1232	-0.1813	3	583	5498886
C12P	1.282	-0.1883	3	521	2537341
C12Q	0.9068	-0.2197	3	521	2281910
C12R	1.3586	-0.1867	3	436	1557377
C13B	1.3556	-0.0277	3	338	34479
C13K	1.5327	-0.1657	3	246	50797
C14B	0.4255	-0.7126	2	379	20407
C14C	0.7838	-0.5737	2	376	50455
C21B	0.7261	0.622	7	455	161870
C21C	0.603	0.5672	7	487	206800
C21D	0.2456	0.2953	5	572	641518
C22B	0.7195	0.3918	3	547	429672
C22C	0.2141	0.2436	5	612	1253798
C22F	0.251	0.3063	5	470	281908
C23C	0.1399	0.0535	5	626	1647438
C23D	0.4219	0.0664	5	331	24370
C23F	0.3244	0.043	5	577	374992
C23G	0.5237	0.0713	5	515	169848
C25B	0.6379	0.2429	3	544	270711
C25C	0.6722	0.3225	3	448	95426
C25D	0.2485	0.0059	5	587	396231
C25F	0.3366	0.0379	5	423	65282
C30B	0.1595	-0.0054	1	511	338294
C40B	1.0259	-0.2027	3	327	214762
C99Z	1.3115	-0.276	3	63	387
D01B	0.8254	-0.6316	2	337	15225
D01C	0.9584	-0.6735	2	291	12794
D01D	0.563	-0.6664	2	531	282994
D01F	0.5614	-0.5698	2	557	587024
D01G	0.5349	-0.703	2	443	54878
D01H	0.3228	-0.7765	2	483	88706
D02G	0.4336	-0.7737	2	527	229411
D02H	0.3079	-1.0295	2	203	11906
D02J	0.5397	-0.8686	2	441	87223
D03C	0.1649	-0.9266	2	293	16383
D03D	0.2764	-0.7752	2	569	305914
D03J	0.3254	-1.008	2	308	25770
D04B	0.2537	-0.817	2	514	151764
D04C	0.2772	-0.7107	2	405	27659
D04D	0.2025	-0.8904	2	305	17115
D04G	0.309	-0.8211	2	238	7363
D04H	0.4211	-0.5754	2	570	499118
D05B	0.0712	-0.7609	2	489	66690
D05C	0.1965	-0.8932	2	366	38731
D06B	0.5097	-0.7552	2	508	173641
D06C	0.4378	-0.7932	2	480	152394
D06F	0.1361	-0.1042	6	580	219218
D06G	0.4577	-0.8494	2	274	25761
D06H	0.2688	-0.7589	2	444	88408
D06J	0.3269	-0.9191	2	162	5627
D06L	0.9778	-0.5137	3	402	126998
D06M	0.5817	-0.5572	2	585	705234
D06N	0.3814	-0.5882	2	503	222657
D06P	0.7048	-0.6484	2	488	294795
D06Q	0.3639	-0.8451	2	329	36112
D07B	0.0871	-0.3819	2	478	70003
D21B	1.0741	-0.2855	3	374	65328
D21C	1.0858	-0.216	3	453	151208
D21D	1.0474	-0.1953	3	358	59138
D21F	0.6359	-0.4093	2	513	167891
D21G	0.5165	-0.4096	2	363	65150
D21H	0.6329	-0.4164	2	557	560788
D21J	0.6857	-0.4534	2	378	35196
D99Z	0.3901	-0.4789	2	20	26
E01B	-0.542	0.4476	4	491	94307
E01C	-0.037	0.1856	6	557	302246
E01D	-0.2385	0.3059	6	447	154869
E01F	-0.3738	0.1342	6	519	244914
E01H	-0.0468	0.3313	6	493	101237
E02B	-0.1279	0.4592	6	563	309809
E02C	-0.4563	0.6712	6	181	3021
E02D	-0.1124	0.3422	6	578	525454
E02F	-0.2783	0.4784	4	539	317513
E03B	0.0598	0.415	6	528	209974
E03C	0.1353	0.3401	6	487	184440
E03D	0.0728	0.2507	6	453	106614
E03F	0.0704	0.4137	6	486	233754
E04B	-0.0991	0.0892	6	619	1183831
E04C	0.0012	0.0175	6	588	592815
E04D	-0.0411	0.1495	6	539	290370
E04F	-0.001	-0.0255	6	588	625210
E04G	-0.1454	0.1955	6	575	488835
E04H	-0.2766	0.1335	6	612	732203
E05B	-0.7164	0.0672	6	574	439748
E05C	-0.7152	0.116	6	515	204768
E05D	-0.5872	0.1153	6	530	253710
E05F	-0.626	0.1675	6	536	336994
E05G	-0.8674	-0.1352	6	344	34437
E06B	-0.3663	0.0121	6	604	623815
E06C	-0.4253	0.2335	6	427	43663
E21B	-0.0569	0.3887	4	597	651353
E21C	-0.105	0.5371	4	479	111443
E21D	-0.1745	0.476	4	519	199549
E21F	-0.2379	0.51	4	507	142469
E99Z	-0.3003	0.2859	6	45	61
F01B	-0.1645	1.0056	4	483	94380
F01C	-0.1164	1.1039	4	409	97438
F01D	0.0797	0.7563	4	563	476940
F01K	0.3204	0.9523	4	455	180183
F01L	-0.224	0.9142	4	459	190762
F01M	-0.11	0.8935	4	434	180667
F01N	0.0586	0.6949	4	550	507887
F01P	-0.1975	0.8924	4	455	226834
F02B	-0.1537	0.8033	4	580	880121
F02C	0.1297	0.8622	4	509	397998
F02D	-0.3359	0.7526	4	525	853855
F02F	-0.138	0.8824	4	438	268252
F02G	0.0884	1.0176	4	431	87037
F02K	-0.1532	0.8223	4	442	109544
F02M	-0.1389	0.7767	4	575	693381
F02N	-0.4976	0.8452	4	410	133779
F02P	-0.4041	0.7749	4	426	169502
F03B	-0.2387	0.716	4	494	111249
F03C	-0.1853	1.0894	4	366	52328
F03D	-0.3504	0.507	4	522	195995
F03G	-0.1993	0.6641	4	530	106628
F03H	-0.3714	0.6252	1	267	9642
F04B	-0.0741	0.6566	4	606	581808
F04C	-0.0857	0.9422	4	518	212166
F04D	-0.0482	0.5879	4	603	489463
F04F	0.1213	0.7169	4	474	57264
F15B	-0.2744	0.5159	4	589	432001
F15C	-0.2719	0.458	4	427	39406
F15D	0.0632	0.6154	4	460	44922
F16B	-0.2431	0.0632	6	620	830462
F16C	-0.173	0.2459	4	602	789698
F16D	-0.4142	0.4455	4	606	672950
F16F	-0.3592	0.2999	4	625	836797
F16G	-0.1519	-0.0409	4	531	138916
F16H	-0.3314	0.3909	4	620	1025009
F16J	-0.0365	0.4928	4	599	532765
F16K	-0.0066	0.4825	4	619	843436
F16L	0.0132	0.2933	4	631	1088103
F16M	-0.4783	0.0664	1	607	586024
F16N	-0.1492	0.5613	4	546	150178
F16P	-0.1921	0.0319	5	517	59902
F16S	-0.2011	0.1059	6	454	56870
F16T	0.0938	0.7591	4	316	16060
F17B	0.2239	0.5477	4	235	3845
F17C	0.1182	0.4863	4	556	251399
F17D	0.0844	0.4866	4	551	147034
F21H	-0.0987	0.4984	7	88	911
F21K	-0.6545	-0.0792	1	469	224693
F21L	-0.6315	0.0091	1	458	117845
F21S	-0.5379	-0.0052	1	575	1403622
F21V	-0.4911	-0.0315	1	629	2133952
F21W	-0.6536	-0.011	1	517	547723
F21Y	-0.5943	-0.0563	1	555	1130326
F22B	0.5489	0.8994	7	535	226994
F22D	0.6117	1.0428	7	352	56183
F22G	0.645	1.115	7	296	26265
F23B	0.8811	1.1224	7	322	46796
F23C	0.6901	0.9695	7	458	184833
F23D	0.5193	0.8567	7	555	237660
F23G	0.799	0.8315	7	505	256232
F23H	0.9319	1.1494	7	243	18438
F23J	0.7362	0.8859	7	475	235646
F23K	0.6771	0.9414	7	456	108228
F23L	0.7383	1.0261	7	424	157529
F23M	0.7029	1.0454	7	411	73818
F23N	0.4659	0.9118	7	459	156567
F23Q	0.213	0.7426	7	503	77492
F23R	0.3462	1.0706	4	352	85178
F24B	0.718	0.9313	7	401	36941
F24C	0.3308	0.4897	7	551	315035
F24D	0.2495	0.678	7	544	278103
F24F	0.074	0.4378	7	618	752030
F24H	0.4012	0.7393	7	588	362444
F24S	-0.0447	0.5404	7	505	181957
F24T	0.2308	0.8963	7	232	12755
F24V	0.5061	0.4374	7	365	22340
F25B	0.2082	0.619	7	591	594477
F25C	0.5085	0.3734	7	462	54876
F25D	0.2163	0.2912	7	612	499529
F25J	0.6522	0.6247	3	396	82869
F26B	0.5985	0.0066	3	610	533187
F27B	0.6478	0.5811	7	557	408049
F27D	0.6093	0.5961	7	543	503107
F28B	0.5971	0.8684	7	425	48254
F28C	0.6484	0.7738	7	437	73329
F28D	0.408	0.6887	7	589	616546
F28F	0.4083	0.6716	7	580	636495
F28G	0.6035	0.7871	7	395	59768
F41A	-1.0023	0.3795	8	475	72959
F41B	-0.8476	0.2208	8	440	30509
F41C	-1.0652	0.3428	8	361	32212
F41F	-1.0275	0.4992	8	348	29438
F41G	-1.0147	0.2314	8	371	74941
F41H	-0.557	0.0578	8	524	90509
F41J	-1.0412	0.1234	8	373	21598
F42B	-0.5959	0.4812	8	566	147273
F42C	-0.7199	0.6033	8	393	41156
F42D	-0.4356	0.6153	8	424	45890
F99Z	-0.7826	0.4141	8	18	19
G01B	-0.3575	-0.031	1	634	1261296
G01C	-0.7458	0.043	1	586	994348
G01D	-0.5676	0.0072	1	624	951307
G01F	-0.139	0.2031	1	609	511261
G01G	-0.2898	-0.0311	1	599	189052
G01H	-0.7238	0.0643	1	522	179524
G01J	-0.3917	-0.0704	1	602	518968
G01K	-0.3541	0.1026	1	611	380606
G01L	-0.4071	0.1103	1	616	534079
G01M	-0.3818	0.2155	1	613	756384
G01N	0.151	-0.0513	1	646	5322130
G01P	-0.6309	0.1247	1	589	422506
G01Q	-0.2339	-0.2031	1	328	78225
G01R	-0.6211	-0.0112	1	619	1534140
G01S	-0.796	0.018	1	605	1171520
G01T	-0.2284	-0.1412	1	500	203841
G01V	-0.538	0.0477	1	596	405291
G01W	-0.8034	0.047	1	420	83485
G02B	-0.3439	-0.1938	1	632	3262560
G02C	0.025	-0.4095	2	503	270009
G02F	-0.4382	-0.2626	1	567	1747816
G03B	-0.5036	-0.3118	1	615	1239450
G03C	0.1582	-0.5222	2	544	345919
G03D	-0.2238	-0.6338	2	418	58420
G03F	-0.0602	-0.4456	2	548	1131102
G03G	-0.2565	-0.4871	2	561	811534
G03H	-0.5844	-0.5011	1	385	100519
G04B	-0.9688	-0.299	1	507	128168
G04C	-1.1712	-0.2526	1	436	128338
G04D	-0.8846	-0.2709	1	306	15942
G04F	-1.1089	-0.2011	1	459	66223
G04G	-1.1865	-0.294	1	438	190350
G04R	-1.4664	-0.3041	1	189	25754
G05B	-0.3581	0.0399	1	637	1115856
G05D	-0.2762	0.2734	4	639	1172640
G05F	-0.9258	0.0476	1	511	253200
G05G	-0.6358	0.3601	4	554	213226
G06C	-0.9549	-0.4042	1	384	19262
G06D	-0.8086	0.2822	4	180	2253
G06E	-1.0542	-0.3679	1	210	18144
G06F	-0.7075	-0.1932	1	646	7552400
G06G	-0.9966	-0.1915	1	518	120612
G06J	-1.264	-0.2472	1	174	11636
G06K	-0.6651	-0.3048	1	617	2374256
G06M	-0.6364	-0.2565	1	516	70205
G06N	-0.7816	-0.2148	1	595	1537466
G06Q	-0.7252	-0.194	1	628	2768090
G06T	-0.6745	-0.245	1	603	2493859
G06V	-0.8041	-0.2255	1	563	983504
G07B	-0.9749	-0.3463	1	388	156445
G07C	-0.826	-0.1246	1	561	597429
G07D	-0.7344	-0.4813	1	440	211770
G07F	-0.7688	-0.306	1	548	595675
G07G	-0.9989	-0.3952	1	347	129553
G08B	-0.6065	-0.015	1	625	1139428
G08C	-0.8253	-0.0631	1	571	529096
G08G	-0.8665	0.0397	1	473	859358
G09B	-0.839	-0.2854	1	608	551174
G09C	-1.222	-0.3839	1	308	164148
G09D	-0.9913	-0.5425	1	257	7950
G09F	-0.4187	-0.2884	1	628	1390113
G09G	-0.7592	-0.3042	1	526	1103260
G10B	-1.6891	-0.614	1	171	9075
G10C	-1.5354	-0.5755	1	280	14429
G10D	-1.3062	-0.5364	1	407	26073
G10F	-1.4595	-0.5305	1	277	11180
G10G	-1.4077	-0.5358	1	304	34318
G10H	-1.4383	-0.5033	1	372	107233
G10K	-0.7496	-0.1235	1	614	367059
G10L	-1.1499	-0.3017	1	475	571789
G11B	-0.6066	-0.2645	1	613	1266274
G11C	-0.8013	-0.2611	1	523	714206
G12B	-0.6687	0.0003	1	524	121772
G16B	0.2819	-0.3906	1	268	162044
G16C	-0.4729	-0.3292	1	398	51090
G16H	-0.5887	-0.373	1	437	514651
G16Y	-1.0714	-0.1587	1	403	69188
G16Z	-0.7014	-0.4168	1	374	46870
G21B	-0.0308	0.4145	1	316	18314
G21C	0.1914	0.4614	1	541	196330
G21D	0.219	0.6756	1	389	65519
G21F	0.3963	0.2973	1	540	147025
G21G	0.3081	0.0239	1	348	33150
G21H	0.3708	0.0187	1	399	17921
G21J	-0.3119	0.485	1	98	688
G21K	-0.0943	-0.1678	1	474	174465
G99Z	-0.8967	-0.1537	1	103	267
H01B	0.0228	-0.0617	1	620	1226007
H01C	-0.3405	0.0227	1	514	195435
H01F	-0.2732	0.1112	1	618	888131
H01G	-0.0319	-0.0162	1	549	420887
H01H	-0.5857	0.0708	1	623	722585
H01J	-0.2094	-0.0514	1	621	893329
H01K	-0.4282	-0.0771	1	444	50289
H01L	-0.2323	-0.1181	1	631	5209442
H01M	0.0973	0.1723	3	617	1468419
H01P	-0.9833	-0.1395	1	456	189958
H01Q	-0.9378	-0.0867	1	561	492335
H01R	-0.4409	0.0762	1	610	948351
H01S	-0.5104	-0.2118	1	536	417444
H01T	-0.271	0.2909	1	495	108912
H02B	-0.5677	0.1626	1	520	285580
H02G	-0.3533	0.1336	1	586	646356
H02H	-0.6989	0.1589	1	549	456048
H02J	-0.5382	0.1793	1	611	1508768
H02K	-0.3458	0.3384	4	619	854275
H02M	-0.7104	0.1306	1	569	678367
H02N	-0.4106	0.1942	1	578	221333
H02P	-0.5482	0.2748	4	595	546967
H02S	-0.3085	0.3213	7	547	325403
H03B	-1.2781	-0.2034	1	447	148504
H03C	-1.4537	-0.2624	1	308	56352
H03D	-1.4369	-0.2537	1	337	126534
H03F	-1.2437	-0.2002	1	498	267221
H03G	-1.3715	-0.2585	1	399	180904
H03H	-1.0611	-0.1636	1	500	385490
H03J	-1.2866	-0.1858	1	400	131516
H03K	-0.9745	-0.1178	1	576	839436
H03L	-1.3432	-0.2385	1	366	205722
H03M	-1.1705	-0.2621	1	471	604678
H04B	-1.0791	-0.1821	1	607	2896413
H04H	-1.2884	-0.3024	1	385	297697
H04J	-1.317	-0.2587	1	429	855255
H04K	-1.3665	-0.3072	1	303	96831
H04L	-1.0569	-0.2166	1	603	4354504
H04M	-0.9849	-0.2172	1	587	1753096
H04N	-0.7276	-0.2375	1	627	4469263
H04Q	-1.0878	-0.1697	1	572	1279187
H04R	-0.9435	-0.2271	1	588	543469
H04S	-1.3525	-0.3358	1	235	99103
H04W	-1.0592	-0.1768	1	558	2778766
H05B	-0.1148	0.0494	1	642	1577311
H05C	-0.3884	-0.065	8	280	6483
H05F	-0.1238	-0.2233	1	548	80661
H05G	-0.3574	-0.2921	1	364	85305
H05H	-0.0552	0.1956	1	531	243734
H05K	-0.2939	-0.053	1	631	2499030
H10B	-0.5956	-0.3026	1	303	394210
H10D	-0.5492	-0.412	1	94	2397
H10F	-0.2231	-0.3448	1	167	2132
H10H	-0.4214	-0.4139	1	119	1702
H10K	0.1551	-0.2779	1	407	460698
H10N	-0.3878	0.0179	1	581	795947
H99Z	-0.7328	0.0406	1	54	110
